0100000000000000
1100111010000111
0000110001111100
0001111000101011
1100010011011111
0011110100111111
1101110001110010
1111100110111010
0010110101000001
1100000001001111
0011010100110111
1110110101101100
1110011110000010
0011100001110001
1100000100111011
0010100010011010
0000000000000000
1101011101100110
0011111011000101
1100011110001111
0001100001111110
0001001010010100
1100101011001001
0011111110110001
1101001010111111
0000011001000110
0010001110001110
1100001011000001
0011101100100001
1110000111010101
1111001110000100
0011000101111001
1100000000000000
0011000101111001
1111001110000100
1110000111010101
0011101100100001
1100001011000001
0010001110001110
0000011001000110
1101001010111111
0011111110110001
1100101011001001
0001001010010100
0001100001111110
1100011110001111
0011111011000101
1101011101100110
0000000000000000
0010100010011010
1100000100111011
0011100001110001
1110011110000010
1110110101101100
0011010100110111
1100000001001111
0010110101000001
1111100110111010
1101110001110010
0011110100111111
1100010011011111
0001111000101011
0000110001111100
1100111010000111
0100000000000000
1100111010000111
0000110001111100
0001111000101011
1100010011011111
0011110100111111
1101110001110010
1111100110111010
0010110101000001
1100000001001111
0011010100110111
1110110101101100
1110011110000010
0011100001110001
1100000100111011
0010100010011010
0000000000000000
1101011101100110
0011111011000101
1100011110001111
0001100001111110
0001001010010100
1100101011001001
0011111110110001
1101001010111111
0000011001000110
0010001110001110
1100001011000001
0011101100100001
1110000111010101
1111001110000100
0011000101111001
1100000000000000
0011000101111001
1111001110000100
1110000111010101
0011101100100001
1100001011000001
0010001110001110
0000011001000110
1101001010111111
0011111110110001
1100101011001001
0001001010010100
0001100001111110
1100011110001111
0011111011000101
1101011101100110
0000000000000000
0010100010011010
1100000100111011
0011100001110001
1110011110000010
1110110101101100
0011010100110111
1100000001001111
0010110101000001
1111100110111010
1101110001110010
0011110100111111
1100010011011111
0001111000101011
0000110001111100
1100111010000111
