0000000000000000
0001001101010100
0010010011011010
0011001011101111
0011110001000010
0011111111110101
0011110110101111
0011010110100101
0010100010011010
0001011111000100
0000010010110101
1111000100110110
1101111100011001
1101000000001110
1100010101111110
1100000001100100
1100000100111011
1100011111101110
1101001111011111
1110001111101110
1111011010011100
0000101000101011
0001110011000110
0010110010110010
0011100001110001
0011111011101011
0011111110000101
0011101000110000
0010111101101100
0010000000111010
0000111000000110
1111101010000010
1110011110000010
1101011011001011
1100100111101110
1100001000011101
1100000000010100
1100010000000011
1100110110001100
1101101111001011
1110110101101100
0000000011001001
0001010000010011
0010010101111110
0011001101101000
0011110010000101
0011111111111011
0011110101111000
0011010100110111
0010011111111110
0001011100001001
0000001111101101
1111000001110011
1101111001101101
1100111110001010
1100010100101101
1100000001001111
1100000101100011
1100100001010000
1101010001110001
1110010010100011
1111011101100011
0000101011110001
0001110101111001
0010110101000001
0011100011001111
0011111100001111
0011111101101011
0011100111011011
0010111011100100
0001111110001100
0000110101000001
1111100110111010
1110011011001001
1101011000110010
1100100110000011
1100000111101011
1100000000011111
1100010001001010
1100111000001000
1101110001110010
1110111000101101
0000000110010010
0001010011010010
0010011000100000
0011001111011111
0011110011000101
0011111111111111
0011110100111111
0011010011000110
0010011101100000
0001011001001100
0000001100100100
1110111110110000
1101110111000011
1100111100000111
1100010011011111
1100000000111100
1100000110001110
1100100010110101
1101010100000101
1110010101011001
1111100000101010
0000101110110111
0001111000101011
0010110111001111
0011100100101011
0011111100110000
0011111101001111
0011100110000100
0010111001011010
0001111011011100
0000110001111100
1111100011110010
1110011000010001
1101010110011011
1100100100011011
1100000110111011
1100000000101100
1100010010010011
1100111010000111
1101110100011001
1110111011101110
0000001001011011
0001010110010000
0010011011000001
0011010001010011
0011110100000011
0100000000000000
0011110100000011
0011010001010011
0010011011000001
0001010110010000
0000001001011011
1110111011101110
1101110100011001
1100111010000111
1100010010010011
1100000000101100
1100000110111011
1100100100011011
1101010110011011
1110011000010001
1111100011110010
0000110001111100
0001111011011100
0010111001011010
0011100110000100
0011111101001111
0011111100110000
0011100100101011
0010110111001111
0001111000101011
0000101110110111
1111100000101010
1110010101011001
1101010100000101
1100100010110101
1100000110001110
1100000000111100
1100010011011111
1100111100000111
1101110111000011
1110111110110000
0000001100100100
0001011001001100
0010011101100000
0011010011000110
0011110100111111
0011111111111111
0011110011000101
0011001111011111
0010011000100000
0001010011010010
0000000110010010
1110111000101101
1101110001110010
1100111000001000
1100010001001010
1100000000011111
1100000111101011
1100100110000011
1101011000110010
1110011011001001
1111100110111010
0000110101000001
0001111110001100
0010111011100100
0011100111011011
0011111101101011
0011111100001111
0011100011001111
0010110101000001
0001110101111001
0000101011110001
1111011101100011
1110010010100011
1101010001110001
1100100001010000
1100000101100011
1100000001001111
1100010100101101
1100111110001010
1101111001101101
1111000001110011
0000001111101101
0001011100001001
0010011111111110
0011010100110111
0011110101111000
0011111111111011
0011110010000101
0011001101101000
0010010101111110
0001010000010011
0000000011001001
1110110101101100
1101101111001011
1100110110001100
1100010000000011
1100000000010100
1100001000011101
1100100111101110
1101011011001011
1110011110000010
1111101010000010
0000111000000110
0010000000111010
0010111101101100
0011101000110000
0011111110000101
0011111011101011
0011100001110001
0010110010110010
0001110011000110
0000101000101011
1111011010011100
1110001111101110
1101001111011111
1100011111101110
1100000100111011
1100000001100100
1100010101111110
1101000000001110
1101111100011001
1111000100110110
0000010010110101
0001011111000100
0010100010011010
0011010110100101
0011110110101111
0011111111110101
0011110001000010
0011001011101111
0010010011011010
0001001101010100
0000000000000000
1110110010101100
1101101100100110
1100110100010001
1100001110111110
1100000000001011
1100001001010001
1100101001011011
1101011101100110
1110100000111100
1111101101001011
0000111011001010
0010000011100111
0010111111110010
0011101010000010
0011111110011100
0011111011000101
0011100000010010
0010110000100001
0001110000010010
0000100101100100
1111010111010101
1110001100111010
1101001101001110
1100011110001111
1100000100010101
1100000001111011
1100010111010000
1101000010010100
1101111111000110
1111000111111010
0000010101111110
0001100001111110
0010100100110101
0011011000010010
0011110111100011
0011111111101100
0011101111111101
0011001001110100
0010010000110101
0001001010010100
1111111100110111
1110101111101101
1101101010000010
1100110010011000
1100001101111011
1100000000000101
1100001010001000
1100101011001001
1101100000000010
1110100011110111
1111110000010011
0000111110001101
0010000110010011
0011000001110110
0011101011010011
0011111110110001
0011111010011101
0011011110110000
0010101110001111
0001101101011101
0000100010011101
1111010100001111
1110001010000111
1101001010111111
1100011100110001
1100000011110001
1100000010010101
1100011000100101
1101000100011100
1110000001110100
1111001010111111
0000011001000110
0001100100110111
0010100111001110
0011011001111101
0011111000010101
0011111111100001
0011101110110110
0011000111111000
0010001110001110
0001000111010011
1111111001101110
1110101100101110
1101100111100000
1100110000100001
1100001100111011
1100000000000001
1100001011000001
1100101100111010
1101100010100000
1110100110110100
1111110011011100
0001000001010000
0010001000111101
0011000011111001
0011101100100001
0011111111000100
0011111001110010
0011011101001011
0010101011111011
0001101010100111
0000011111010110
1111010001001001
1110000111010101
1101001000110001
1100011011010101
1100000011010000
1100000010110001
1100011001111100
1101000110100110
1110000100100100
1111001110000100
0000011100001110
0001100111101111
0010101001100101
0011011011100101
0011111001000101
0011111111010100
0011101101101101
0011000101111001
0010001011100111
0001000100010010
1111110110100101
1110101001110000
1101100100111111
1100101110101101
1100001011111101
1100000000000000
1100001011111101
1100101110101101
1101100100111111
1110101001110000
1111110110100101
0001000100010010
0010001011100111
0011000101111001
0011101101101101
0011111111010100
0011111001000101
0011011011100101
0010101001100101
0001100111101111
0000011100001110
1111001110000100
1110000100100100
1101000110100110
1100011001111100
1100000010110001
1100000011010000
1100011011010101
1101001000110001
1110000111010101
1111010001001001
0000011111010110
0001101010100111
0010101011111011
0011011101001011
0011111001110010
0011111111000100
0011101100100001
0011000011111001
0010001000111101
0001000001010000
1111110011011100
1110100110110100
1101100010100000
1100101100111010
1100001011000001
1100000000000001
1100001100111011
1100110000100001
1101100111100000
1110101100101110
1111111001101110
0001000111010011
0010001110001110
0011000111111000
0011101110110110
0011111111100001
0011111000010101
0011011001111101
0010100111001110
0001100100110111
0000011001000110
1111001010111111
1110000001110100
1101000100011100
1100011000100101
1100000010010101
1100000011110001
1100011100110001
1101001010111111
1110001010000111
1111010100001111
0000100010011101
0001101101011101
0010101110001111
0011011110110000
0011111010011101
0011111110110001
0011101011010011
0011000001110110
0010000110010011
0000111110001101
1111110000010011
1110100011110111
1101100000000010
1100101011001001
1100001010001000
1100000000000101
1100001101111011
1100110010011000
1101101010000010
1110101111101101
1111111100110111
0001001010010100
0010010000110101
0011001001110100
0011101111111101
0011111111101100
0011110111100011
0011011000010010
0010100100110101
0001100001111110
0000010101111110
1111000111111010
1101111111000110
1101000010010100
1100010111010000
1100000001111011
1100000100010101
1100011110001111
1101001101001110
1110001100111010
1111010111010101
0000100101100100
0001110000010010
0010110000100001
0011100000010010
0011111011000101
0011111110011100
0011101010000010
0010111111110010
0010000011100111
0000111011001010
1111101101001011
1110100000111100
1101011101100110
1100101001011011
1100001001010001
1100000000001011
1100001110111110
1100110100010001
1101101100100110
1110110010101100
0000000000000000
0001001101010100
0010010011011010
0011001011101111
0011110001000010
0011111111110101
0011110110101111
0011010110100101
0010100010011010
0001011111000100
0000010010110101
1111000100110110
1101111100011001
1101000000001110
1100010101111110
1100000001100100
1100000100111011
1100011111101110
1101001111011111
1110001111101110
1111011010011100
0000101000101011
0001110011000110
0010110010110010
0011100001110001
0011111011101011
0011111110000101
0011101000110000
0010111101101100
0010000000111010
0000111000000110
1111101010000010
1110011110000010
1101011011001011
1100100111101110
1100001000011101
1100000000010100
1100010000000011
1100110110001100
1101101111001011
1110110101101100
0000000011001001
0001010000010011
0010010101111110
0011001101101000
0011110010000101
0011111111111011
0011110101111000
0011010100110111
0010011111111110
0001011100001001
0000001111101101
1111000001110011
1101111001101101
1100111110001010
1100010100101101
1100000001001111
1100000101100011
1100100001010000
1101010001110001
1110010010100011
1111011101100011
0000101011110001
0001110101111001
0010110101000001
0011100011001111
0011111100001111
0011111101101011
0011100111011011
0010111011100100
0001111110001100
0000110101000001
1111100110111010
1110011011001001
1101011000110010
1100100110000011
1100000111101011
1100000000011111
1100010001001010
1100111000001000
1101110001110010
1110111000101101
0000000110010010
0001010011010010
0010011000100000
0011001111011111
0011110011000101
0011111111111111
0011110100111111
0011010011000110
0010011101100000
0001011001001100
0000001100100100
1110111110110000
1101110111000011
1100111100000111
1100010011011111
1100000000111100
1100000110001110
1100100010110101
1101010100000101
1110010101011001
1111100000101010
0000101110110111
0001111000101011
0010110111001111
0011100100101011
0011111100110000
0011111101001111
0011100110000100
0010111001011010
0001111011011100
0000110001111100
1111100011110010
1110011000010001
1101010110011011
1100100100011011
1100000110111011
1100000000101100
1100010010010011
1100111010000111
1101110100011001
1110111011101110
0000001001011011
0001010110010000
0010011011000001
0011010001010011
0011110100000011
0100000000000000
0011110100000011
0011010001010011
0010011011000001
0001010110010000
0000001001011011
1110111011101110
1101110100011001
1100111010000111
1100010010010011
1100000000101100
1100000110111011
1100100100011011
1101010110011011
1110011000010001
1111100011110010
0000110001111100
0001111011011100
0010111001011010
0011100110000100
0011111101001111
0011111100110000
0011100100101011
0010110111001111
0001111000101011
0000101110110111
1111100000101010
1110010101011001
1101010100000101
1100100010110101
1100000110001110
1100000000111100
1100010011011111
1100111100000111
1101110111000011
1110111110110000
0000001100100100
0001011001001100
0010011101100000
0011010011000110
0011110100111111
0011111111111111
0011110011000101
0011001111011111
0010011000100000
0001010011010010
0000000110010010
1110111000101101
1101110001110010
1100111000001000
1100010001001010
1100000000011111
1100000111101011
1100100110000011
1101011000110010
1110011011001001
1111100110111010
0000110101000001
0001111110001100
0010111011100100
0011100111011011
0011111101101011
0011111100001111
0011100011001111
0010110101000001
0001110101111001
0000101011110001
1111011101100011
1110010010100011
1101010001110001
1100100001010000
1100000101100011
1100000001001111
1100010100101101
1100111110001010
1101111001101101
1111000001110011
0000001111101101
0001011100001001
0010011111111110
0011010100110111
0011110101111000
0011111111111011
0011110010000101
0011001101101000
0010010101111110
0001010000010011
0000000011001001
1110110101101100
1101101111001011
1100110110001100
1100010000000011
1100000000010100
1100001000011101
1100100111101110
1101011011001011
1110011110000010
1111101010000010
0000111000000110
0010000000111010
0010111101101100
0011101000110000
0011111110000101
0011111011101011
0011100001110001
0010110010110010
0001110011000110
0000101000101011
1111011010011100
1110001111101110
1101001111011111
1100011111101110
1100000100111011
1100000001100100
1100010101111110
1101000000001110
1101111100011001
1111000100110110
0000010010110101
0001011111000100
0010100010011010
0011010110100101
0011110110101111
0011111111110101
0011110001000010
0011001011101111
0010010011011010
0001001101010100
0000000000000000
1110110010101100
1101101100100110
1100110100010001
1100001110111110
1100000000001011
1100001001010001
1100101001011011
1101011101100110
1110100000111100
1111101101001011
0000111011001010
0010000011100111
0010111111110010
0011101010000010
0011111110011100
0011111011000101
0011100000010010
0010110000100001
0001110000010010
0000100101100100
1111010111010101
1110001100111010
1101001101001110
1100011110001111
1100000100010101
1100000001111011
1100010111010000
1101000010010100
1101111111000110
1111000111111010
0000010101111110
0001100001111110
0010100100110101
0011011000010010
0011110111100011
0011111111101100
0011101111111101
0011001001110100
0010010000110101
0001001010010100
1111111100110111
1110101111101101
1101101010000010
1100110010011000
1100001101111011
1100000000000101
1100001010001000
1100101011001001
1101100000000010
1110100011110111
1111110000010011
0000111110001101
0010000110010011
0011000001110110
0011101011010011
0011111110110001
0011111010011101
0011011110110000
0010101110001111
0001101101011101
0000100010011101
1111010100001111
1110001010000111
1101001010111111
1100011100110001
1100000011110001
1100000010010101
1100011000100101
1101000100011100
1110000001110100
1111001010111111
0000011001000110
0001100100110111
0010100111001110
0011011001111101
0011111000010101
0011111111100001
0011101110110110
0011000111111000
0010001110001110
0001000111010011
1111111001101110
1110101100101110
1101100111100000
1100110000100001
1100001100111011
1100000000000001
1100001011000001
1100101100111010
1101100010100000
1110100110110100
1111110011011100
0001000001010000
0010001000111101
0011000011111001
0011101100100001
0011111111000100
0011111001110010
0011011101001011
0010101011111011
0001101010100111
0000011111010110
1111010001001001
1110000111010101
1101001000110001
1100011011010101
1100000011010000
1100000010110001
1100011001111100
1101000110100110
1110000100100100
1111001110000100
0000011100001110
0001100111101111
0010101001100101
0011011011100101
0011111001000101
0011111111010100
0011101101101101
0011000101111001
0010001011100111
0001000100010010
1111110110100101
1110101001110000
1101100100111111
1100101110101101
1100001011111101
1100000000000000
1100001011111101
1100101110101101
1101100100111111
1110101001110000
1111110110100101
0001000100010010
0010001011100111
0011000101111001
0011101101101101
0011111111010100
0011111001000101
0011011011100101
0010101001100101
0001100111101111
0000011100001110
1111001110000100
1110000100100100
1101000110100110
1100011001111100
1100000010110001
1100000011010000
1100011011010101
1101001000110001
1110000111010101
1111010001001001
0000011111010110
0001101010100111
0010101011111011
0011011101001011
0011111001110010
0011111111000100
0011101100100001
0011000011111001
0010001000111101
0001000001010000
1111110011011100
1110100110110100
1101100010100000
1100101100111010
1100001011000001
1100000000000001
1100001100111011
1100110000100001
1101100111100000
1110101100101110
1111111001101110
0001000111010011
0010001110001110
0011000111111000
0011101110110110
0011111111100001
0011111000010101
0011011001111101
0010100111001110
0001100100110111
0000011001000110
1111001010111111
1110000001110100
1101000100011100
1100011000100101
1100000010010101
1100000011110001
1100011100110001
1101001010111111
1110001010000111
1111010100001111
0000100010011101
0001101101011101
0010101110001111
0011011110110000
0011111010011101
0011111110110001
0011101011010011
0011000001110110
0010000110010011
0000111110001101
1111110000010011
1110100011110111
1101100000000010
1100101011001001
1100001010001000
1100000000000101
1100001101111011
1100110010011000
1101101010000010
1110101111101101
1111111100110111
0001001010010100
0010010000110101
0011001001110100
0011101111111101
0011111111101100
0011110111100011
0011011000010010
0010100100110101
0001100001111110
0000010101111110
1111000111111010
1101111111000110
1101000010010100
1100010111010000
1100000001111011
1100000100010101
1100011110001111
1101001101001110
1110001100111010
1111010111010101
0000100101100100
0001110000010010
0010110000100001
0011100000010010
0011111011000101
0011111110011100
0011101010000010
0010111111110010
0010000011100111
0000111011001010
1111101101001011
1110100000111100
1101011101100110
1100101001011011
1100001001010001
1100000000001011
1100001110111110
1100110100010001
1101101100100110
1110110010101100
