01011111011
00001000101
10001110001
11011111011
00100100101
10111110111
11010100000
00100110101
11000110110
11001100001
01000110011
00010111111
11011101010
10100001100
11100101110
01100000010
00111001011
01101010110
01111100011
10011000111
00100000100
00100010010
10110100110
10011100100
00000100011
11110001111
10001110010
11001000100
10101111010
01111110100
10000000000
10110011010
11010011110
01001010101
00010001011
11010111100
01110011010
01000110101
11101011011
01100011011
11011001001
01010010001
00011000100
00101100111
11011111101
01000000100
01100100010
11111001010
01101000000
01111011101
01001000010
00111001000
10101101001
00101001101
01100101001
10011110000
00000111011
11010011110
01010101101
00110111001
01110100100
10110110101
00100111000
00000000000
00100000111
01010100110
10111100010
01110001010
00110010110
10100110100
00101101111
01110001000
00010111100
01111110010
01000110010
01101000111
01001000001
10111001010
01100010010
10101001000
11000110000
11110111111
00000111110
10111100111
11000100011
10001010100
10110110100
11100100000
11100000110
10010111011
00011110100
10110000110
00000110101
11100001110
11011000110
10100101010
01000011001
10111011011
11110000001
00010011100
