00100101110
11101111001
01011111110
10010111011
01111100001
11101000101
00101001011
01111101001
11101110010
01010100100
01110001011
00100101111
11000110110
11100011100
01010011111
01101011000
01111110000
11000100100
01111111000
11101110101
01101111100
01110000001
10101101101
11111010110
01111011100
10000100000
11010001111
01010110110
11110001000
00100111011
00010100110
10001011100
00010100111
00001101001
00000011010
10100101010
01111000100
11010011010
11010011101
01010000110
01010100100
10111101110
00111101110
11000110111
10011011000
00011111011
00100010001
10010110010
11010100110
00011010100
00011001000
10001111110
11010110001
01011111011
00111101100
01111011111
10010101100
11111001101
10000001010
01010010101
01111011101
10000010101
11101011010
11110110010
00011010111
00110111000
11100110001
10111010111
01110100101
00010001001
01000001110
10100001011
00111000110
11111001110
11101010001
10010000101
00100011001
10000010111
11110000001
00111111010
11011000111
01001001100
00010010100
10110100111
10110010000
00111010100
11000000100
01001100000
01111100010
00110100110
00000111100
00011110000
01001111110
00111010110
00111111111
10100001011
11001001001
01100101011
11010101100
00000011100
