110001000101110
111011011111001
100110101111110
001000110111011
000011111100001
111011011000101
010001001001011
000111101101001
011111001110010
100110100100100
100011110001011
000101010101111
001110000110110
011011010011100
100010110011111
100111011011000
000111111110000
101010000100100
000011101111000
011011011110101
010011011111100
110011110000001
001001011101101
011111101010110
110111101011100
101000010100000
101010100001111
000010100110110
111011110001000
010001010111011
010100110100110
001000001011100
100000100100111
000000001101001
100000010011010
101101010101010
000011101000100
001010110011010
001110100011101
100010100000110
100110100100100
011101111101110
100101111101110
111010010110111
011000111011000
010000101111011
010001000010001
111000110110010
001010110100110
000000111010100
010000101001000
001100001111110
111110110110001
110110101111011
110001101101100
010111101011111
111100110101100
001011101001101
101000000001010
110010110010101
000011111011101
011000010010101
001011001011010
001011110110010
100000111010111
000101110111000
011111010110001
001101111010111
000111110100101
000100100001001
010010010001110
001001010001011
110001111000110
101011101001110
101111011010001
011100100000101
010101010011001
001100000010111
001011110000001
110001111111010
001110101000111
100110011001100
100000100010100
001101100100111
101001110010000
010101111010100
111010010000100
010110001100000
100011111100010
000001110100110
000000000111100
110100111110000
010010001111110
000001101010110
100001111111111
001001010001011
001110011001001
000111000101011
011010110101100
010000010011100
